
=== GW150914  C01:IMRPhenomXPHM
  prior text recalib_H1_amplitude_0: Gaussian(mu=0.0022497139999999582, sigma=0.032482292999999995, name='recalib_H1_amplitude_0', latex_label='$A^H1_0$', unit=None, boundary='reflective')
  prior text recalib_H1_frequency_0: DeltaFunction(peak=19.999999999999996, name='recalib_H1_frequency_0', latex_label='$f^H1_0$', unit=None)
  H1:  node   f[Hz]   | ampl: std(prior)  (hi-lo)/2  ratio   mean(prior)  A_med-1 | phase: std(prior)  (hi-lo)/2  ratio
        0      20.0   |  0.0321     0.0325    0.99   +0.0023     +0.0022 |  0.0303     0.0301    1.01
        1      30.5   |  0.0392     0.0391    1.00   -0.0027     -0.0023 |  0.0418     0.0418    1.00
        2      46.6   |  0.0409     0.0408    1.00   +0.0047     +0.0046 |  0.0446     0.0450    0.99
        3      71.0   |  0.0327     0.0329    1.00   +0.0037     +0.0040 |  0.0367     0.0363    1.01
        4     108.4   |  0.0196     0.0194    1.01   +0.0019     +0.0018 |  0.0330     0.0328    1.00
        5     165.4   |  0.0126     0.0126    1.00   +0.0034     +0.0035 |  0.0281     0.0281    1.00
        6     252.3   |  0.0108     0.0108    1.00   -0.0021     -0.0018 |  0.0225     0.0225    1.00
        7     384.9   |  0.0085     0.0084    1.02   -0.0049     -0.0051 |  0.0185     0.0186    0.99
        8     587.3   |  0.0138     0.0139    0.99   -0.0010     -0.0011 |  0.0192     0.0193    1.00
        9     896.0   |  0.0160     0.0160    1.00   -0.0020     -0.0017 |  0.0200     0.0201    0.99
  L1:  node   f[Hz]   | ampl: std(prior)  (hi-lo)/2  ratio   mean(prior)  A_med-1 | phase: std(prior)  (hi-lo)/2  ratio
        0      20.0   |  0.0856     0.0841    1.02   +0.0064     +0.0055 |  0.0659     0.0658    1.00
        1      30.5   |  0.0767     0.0765    1.00   -0.0116     -0.0121 |  0.0707     0.0697    1.01
        2      46.6   |  0.0652     0.0651    1.00   -0.0135     -0.0132 |  0.0674     0.0685    0.98
        3      71.0   |  0.0578     0.0567    1.02   -0.0058     -0.0067 |  0.0624     0.0619    1.01
        4     108.4   |  0.0497     0.0504    0.99   -0.0026     -0.0026 |  0.0493     0.0489    1.01
        5     165.4   |  0.0392     0.0391    1.00   -0.0088     -0.0090 |  0.0329     0.0333    0.99
        6     252.3   |  0.0217     0.0218    1.00   -0.0109     -0.0112 |  0.0195     0.0194    1.01
        7     384.9   |  0.0167     0.0166    1.00   -0.0073     -0.0073 |  0.0140     0.0138    1.01
        8     587.3   |  0.0173     0.0175    0.99   -0.0070     -0.0071 |  0.0142     0.0143    0.99
        9     896.0   |  0.0184     0.0186    0.99   -0.0064     -0.0065 |  0.0149     0.0150    0.99

=== GW150914  C01:SEOBNRv4PHM
  no recalib priors found

=== GW200129_065458  C01:IMRPhenomXPHM
  prior text recalib_H1_amplitude_0: Gaussian(mu=-0.009891209039106851, sigma=0.024016555378215586, name='recalib_H1_amplitude_0', latex_label='$A^H1_0$', unit=None, boundary='reflective')
  prior text recalib_H1_frequency_0: DeltaFunction(peak=19.999999999999996, name='recalib_H1_frequency_0', latex_label='$f^H1_0$', unit=None)
  H1:  node   f[Hz]   | ampl: std(prior)  (hi-lo)/2  ratio   mean(prior)  A_med-1 | phase: std(prior)  (hi-lo)/2  ratio
        0      20.0   |  0.0238     0.0240    0.99   -0.0098     -0.0098 |  0.0159     0.0160    0.99
        1      30.5   |  0.0169     0.0169    1.00   -0.0079     -0.0077 |  0.0211     0.0210    1.00
        2      46.6   |  0.0247     0.0247    1.00   +0.0063     +0.0063 |  0.0186     0.0188    0.99
        3      71.0   |  0.0183     0.0184    1.00   +0.0080     +0.0081 |  0.0211     0.0208    1.01
        4     108.4   |  0.0111     0.0110    1.00   -0.0026     -0.0026 |  0.0222     0.0220    1.01
        5     165.4   |  0.0185     0.0185    1.00   -0.0012     -0.0011 |  0.0091     0.0091    1.00
        6     252.3   |  0.0115     0.0115    1.00   +0.0023     +0.0026 |  0.0067     0.0067    1.00
        7     384.9   |  0.0080     0.0079    1.01   +0.0014     +0.0015 |  0.0050     0.0051    0.99
        8     587.3   |  0.0098     0.0100    0.98   +0.0041     +0.0044 |  0.0081     0.0081    1.00
        9     896.0   |  0.0084     0.0084    1.00   +0.0083     +0.0085 |  0.0059     0.0059    0.99
  L1:  node   f[Hz]   | ampl: std(prior)  (hi-lo)/2  ratio   mean(prior)  A_med-1 | phase: std(prior)  (hi-lo)/2  ratio
        0      20.0   |  0.0390     0.0383    1.02   -0.0044     -0.0048 |  0.0111     0.0111    1.00
        1      30.5   |  0.0499     0.0498    1.00   +0.0026     +0.0022 |  0.0408     0.0403    1.01
        2      46.6   |  0.0816     0.0814    1.00   -0.0024     -0.0020 |  0.0575     0.0585    0.98
        3      71.0   |  0.0223     0.0220    1.02   +0.0011     +0.0007 |  0.0356     0.0354    1.01
        4     108.4   |  0.0120     0.0122    0.98   -0.0017     -0.0017 |  0.0288     0.0286    1.01
        5     165.4   |  0.0220     0.0219    1.00   -0.0056     -0.0056 |  0.0211     0.0213    0.99
        6     252.3   |  0.0190     0.0190    1.00   -0.0031     -0.0034 |  0.0100     0.0100    1.01
        7     384.9   |  0.0139     0.0138    1.00   -0.0028     -0.0028 |  0.0110     0.0108    1.02
        8     587.3   |  0.0109     0.0110    0.99   +0.0001     -0.0001 |  0.0087     0.0089    0.97
        9     896.0   |  0.0119     0.0120    0.99   +0.0039     +0.0038 |  0.0105     0.0107    0.99
  V1:  node   f[Hz]   | ampl: std(prior)  (hi-lo)/2  ratio   mean(prior)  A_med-1 | phase: std(prior)  (hi-lo)/2  ratio
        0      20.0   |  0.0501     0.0500    1.00   -0.0009     +0.0000 |  0.0352     0.0350    1.00
        1      30.5   |  0.0499     0.0500    1.00   -0.0001     +0.0000 |  0.0351     0.0351    1.00
        2      46.6   |  0.0495     0.0500    0.99   +0.0011     +0.0000 |  0.0348     0.0351    0.99
        3      71.0   |  0.0495     0.0500    0.99   -0.0008     +0.0000 |  0.0353     0.0353    1.00
        4     108.4   |  0.0504     0.0500    1.01   +0.0006     +0.0000 |  0.0360     0.0357    1.01
        5     165.4   |  0.0489     0.0500    0.98   -0.0008     +0.0000 |  0.0359     0.0365    0.98
        6     252.3   |  0.0497     0.0500    0.99   +0.0013     +0.0000 |  0.0382     0.0384    0.99
        7     384.9   |  0.0501     0.0500    1.00   +0.0010     +0.0000 |  0.0425     0.0425    1.00
        8     587.3   |  0.0501     0.0500    1.00   +0.0013     +0.0000 |  0.0500     0.0509    0.98
        9     896.0   |  0.0503     0.0500    1.01   +0.0001     +0.0000 |  0.0667     0.0663    1.01

=== GW200129_065458  C01:SEOBNRv4PHM
  no recalib priors found

=== GW230627_015337  C00:IMRPhenomXPHM-SpinTaylor
  prior text recalib_H1_amplitude_0: Gaussian(mu=-0.036428669174421516, sigma=0.021809364800432742, name='recalib_H1_amplitude_0', latex_label='$A^H1_0$', unit=None, boundary='reflective')
  prior text recalib_H1_frequency_0: DeltaFunction(peak=19.999999999999996, name='recalib_H1_frequency_0', latex_label='$f^H1_0$', unit=None)
  H1:  node   f[Hz]   | ampl: std(prior)  (hi-lo)/2  ratio   mean(prior)  A_med-1 | phase: std(prior)  (hi-lo)/2  ratio
        0      20.0   |  0.0214     0.0235    0.91   -0.0369     +0.0378 |  0.0169     0.0170    0.99
        1      33.0   |  0.0268     0.0283    0.95   -0.0232     +0.0237 |  0.0167     0.0167    1.00
        2      54.3   |  0.0356     0.0341    1.04   +0.0141     -0.0143 |  0.0299     0.0300    1.00
        3      89.5   |  0.0209     0.0194    1.08   +0.0361     -0.0350 |  0.0496     0.0491    1.01
        4     147.5   |  0.0483     0.0469    1.03   +0.0106     -0.0100 |  0.0499     0.0507    0.98
        5     243.0   |  0.0296     0.0313    0.95   -0.0116     +0.0118 |  0.0148     0.0150    0.99
        6     400.5   |  0.0176     0.0178    0.99   -0.0011     +0.0014 |  0.0230     0.0230    1.00
        7     659.9   |  0.0264     0.0260    1.02   -0.0012     +0.0009 |  0.0236     0.0237    0.99
        8    1087.5   |  0.0322     0.0329    0.98   -0.0083     +0.0089 |  0.0354     0.0352    1.01
        9    1792.0   |  0.1419     0.1439    0.99   -0.0125     +0.0158 |  0.1247     0.1241    1.01
  L1:  node   f[Hz]   | ampl: std(prior)  (hi-lo)/2  ratio   mean(prior)  A_med-1 | phase: std(prior)  (hi-lo)/2  ratio
        0      20.0   |  0.0126     0.0129    0.97   -0.0045     +0.0045 |  0.0206     0.0204    1.01
        1      33.0   |  0.0153     0.0150    1.02   +0.0113     -0.0109 |  0.0197     0.0196    1.00
        2      54.3   |  0.0268     0.0262    1.03   +0.0138     -0.0136 |  0.0129     0.0129    1.00
        3      89.5   |  0.0191     0.0188    1.02   +0.0060     -0.0062 |  0.0261     0.0260    1.01
        4     147.5   |  0.0147     0.0149    0.98   -0.0027     +0.0024 |  0.0265     0.0265    1.00
        5     243.0   |  0.0156     0.0157    0.99   -0.0019     +0.0019 |  0.0074     0.0075    0.99
        6     400.5   |  0.0075     0.0075    1.00   +0.0007     -0.0007 |  0.0069     0.0069    0.99
        7     659.9   |  0.0091     0.0090    1.02   +0.0028     -0.0028 |  0.0090     0.0090    1.00
        8    1087.5   |  0.0116     0.0114    1.02   +0.0049     -0.0049 |  0.0115     0.0114    1.01
        9    1792.0   |  0.0131     0.0129    1.02   +0.0145     -0.0143 |  0.0134     0.0138    0.97

=== GW230627_015337  C00:SEOBNRv5PHM
  prior text recalib_H1_amplitude_0: Gaussian(mu=-0.036428669174421516, sigma=0.021809364800432742, name='recalib_H1_amplitude_0', latex_label='$A^H1_0$', unit=None, boundary='reflective')
  prior text recalib_H1_frequency_0: DeltaFunction(peak=19.999999999999996, name='recalib_H1_frequency_0', latex_label='$f^H1_0$', unit=None)
  H1:  node   f[Hz]   | ampl: std(prior)  (hi-lo)/2  ratio   mean(prior)  A_med-1 | phase: std(prior)  (hi-lo)/2  ratio
        0      20.0   |  0.0221     0.0235    0.94   -0.0367     +0.0378 |  0.0171     0.0170    1.00
        1      33.0   |  0.0273     0.0283    0.96   -0.0224     +0.0237 |  0.0168     0.0167    1.00
        2      54.3   |  0.0359     0.0341    1.05   +0.0146     -0.0143 |  0.0298     0.0300    0.99
        3      89.5   |  0.0210     0.0194    1.08   +0.0365     -0.0350 |  0.0495     0.0491    1.01
        4     147.5   |  0.0465     0.0469    0.99   +0.0106     -0.0100 |  0.0505     0.0507    1.00
        5     243.0   |  0.0303     0.0313    0.97   -0.0109     +0.0118 |  0.0148     0.0150    0.98
        6     400.5   |  0.0179     0.0178    1.01   -0.0016     +0.0014 |  0.0231     0.0230    1.00
        7     659.9   |  0.0257     0.0260    0.99   -0.0004     +0.0009 |  0.0236     0.0237    0.99
        8    1087.5   |  0.0321     0.0329    0.98   -0.0089     +0.0089 |  0.0347     0.0352    0.99
        9    1792.0   |  0.1435     0.1439    1.00   -0.0145     +0.0158 |  0.1253     0.1241    1.01
  L1:  node   f[Hz]   | ampl: std(prior)  (hi-lo)/2  ratio   mean(prior)  A_med-1 | phase: std(prior)  (hi-lo)/2  ratio
        0      20.0   |  0.0129     0.0129    1.00   -0.0046     +0.0045 |  0.0207     0.0204    1.02
        1      33.0   |  0.0154     0.0150    1.03   +0.0111     -0.0109 |  0.0197     0.0196    1.01
        2      54.3   |  0.0269     0.0262    1.03   +0.0135     -0.0136 |  0.0128     0.0129    0.99
        3      89.5   |  0.0193     0.0188    1.03   +0.0063     -0.0062 |  0.0260     0.0260    1.00
        4     147.5   |  0.0149     0.0149    1.00   -0.0031     +0.0024 |  0.0267     0.0265    1.01
        5     243.0   |  0.0156     0.0157    0.99   -0.0019     +0.0019 |  0.0074     0.0075    0.99
        6     400.5   |  0.0075     0.0075    0.99   +0.0006     -0.0007 |  0.0067     0.0069    0.97
        7     659.9   |  0.0091     0.0090    1.01   +0.0028     -0.0028 |  0.0090     0.0090    0.99
        8    1087.5   |  0.0112     0.0114    0.99   +0.0046     -0.0049 |  0.0113     0.0114    0.99
        9    1792.0   |  0.0133     0.0129    1.03   +0.0148     -0.0143 |  0.0138     0.0138    1.00

ratio ≈ 1.00 → envelope columns are ±1σ;  ratio ≈ 0.61 → 90% interval.
